mnnx 01 110001. 517

Bythias, 11, 301-
1111001 0011101100 with the 1101001010 deity,
11. 188
100 10110 Δο11Ι1010001“1 nd alurede, 180
Proarche, 100 Praevertor, 81111 en. 11
. 118,116,181,171
0111111000, 90, 3111 110οζ011οο, 1101101100,
181010116011100,17 041 18 n. 13 1081
- 11000100, 119
0011110 10111000, 81 10101011010, 11 n.
31 110. 1
with 0101 110011,001101111 110011οΔ10·
10011, 9, 180-181
10 1010101100, 809, 810
0001011001] 00 8011010111 001100, 178,
001 0101001001] 1110010011, 8181 100030
, 11010 001111,108,176
. 1101100011 mede 1ο 001101010, 176, 178
1010111100, 1081 11. 158
1000001000011010 10111 001 Nun, 18, 111
1 knowledge 01 1011 100 AEon’e 0111-
311110, 11, 811, 818, 814, ew
101111 1011011, 10111 11111100, 110. 111, 181,
185
contained 30110 01 00100110, 169 0. 11 111
000110,108,100
001 wne 001 100 0111101, 181

10011 1000111111, 1071 001100 010101οω
111] 01 notione, 107, 110, 110111,

0100110000υο intercourse, 110

0011111110] 01 101100 0000101, 107, 100,
871, 8711 01 1110 1011110 13010 embo-
died, 107 n. 01 108 n. 11 1001111111

001110110011001101110, 106 011 0111000·
0100110100

10010111 1000001 011001, 108 00. 1-4

1111 000] 11 100 0110011 01 101 1001, 100

1111111111, 100 n. 81 1000011011 1011000111·
01011011 arcani, 110

0110000 10011 00010100, 110 01, 01. 816
n. 4

100000 1 picture 01 0011110] Pilato,
110 0. 81 100 0111011011οο 01111010-
00011, 111.

1000111000οο 10 mysterio· 111011100οΙ]
received 11001 001111, 100

1111301 1111111οο 0] 11110 100 1000, 110

011100 10110101οο0 00001101, 11.

enatando 0011111100 011100 penem 0]1111.

0011011100, 01 1101101, 11. 79110
0101000100, 11. 78 117

Caelata«, 101 0. 41 10101
0011010] 01 01013] 001 3000111 10 1110 111110

1000101031011101110.Ε1111111 100 10010- 190ῑῦ1019113

00

001110 (1101, 18 01

0001001100 1000, 14 n. 81 01110 object, 00 ΜἨΜΓῙΜ 80 Μ

08

001000, 1 01101010 01 Simon 011300 10 100

mmmmmmmmm fflmwwfflmfflmm

177, 8081 11. 111
00111103 1110011000 0011000, 107

0100111, 1111111,οι 011 111 1000001 010011

1011111, 47 0. 1

0011310 000110 10011111, 186, 141

0110, 10 01110100’110001], enred 0] 0011111

0000001 1010 0011118
0110 1101111010 0110 0110 10 01100111,11.

1011 10010000 0100100111001 00101117,

118

01101100, 111061 00111110 111111 001001
011000, 111

0101011110ὶο, 01011ωο11111, 11. 44

Canon os 1111171, 100 010001, 87 0. 0
’1000110111031η11001]00101100010801101010,
11. 810841

0111011101, neme 01 110101, 18 n. 81 80 0.1

01000110101 01110101110 0. 11 110 011
11. 171 0001001011 100 (100 0110011000

1110 11000011 wne 100 1111001 01 0111111,
mizdono, end excommunicate, 11. 17

0011111001, 10 Ε3]01110, 1110 100 1101101011
cedmae introduced 1111100 1011011, 101 nn. 10100 0] 10 11101101 deity, 111

100301 10 Δο10,1111181 111010001 0101
100 100 011000001111 001] 001101
1010 01001 1001101 1011 001101 de·
0010000 111 000011 01011110, 1111 100
1011110111 1000 110010οι0, 111

01010 10 0001101 01110 Β. 1000, 11. 18 118

001] 0100 1001101001 01 8. 11111000, 11.
40 0. l

0011010 10011000]10 01111111 0101011], 11. 106
0111110,1111001101011 8100, 0.

1001000110, 1111110
0110110001, 0001011 01 1111010301, 118

0011110, how 3101101 than 111110 10011000,
801041 0011011010 knowledge, 11001001

011000110100, 104 n. 11 860, 8761 0110 1110 1100 0110110, 840111. 108

world 0111 mede 0]10001010110103011,10.1
1001011100οι 000 0010 10 1000101011]
wey, 1011 011 1011111001ῐο0 8001010011.

01 3101031110, 840

³ end 1011-00001100 01 0111] 0011111101,

m
wa

 

