522

(¹⁸1). ver. 11111111
1113. 11323

4. -331
7,8,0. -324
3. -106
11114.

GAL.

1. 1. 1113
1110. -304,3011
11.1,2,6. -14
&lma—72
111. 6-8. -225
6. -166
8-9. -410
13. -97
10. -415
19· *mnam
24.
11. 4.
m.
8.

26.
21.
28.
v. 13.

21.

22,
11. 14.

EPHES.

1. 1. 111162
10. 1. 211, 91
1181121380
131111 .
21.

11261

1236, 214, 314

. -323

. 11. 1011, 228, 412

181111

. 1110112111 ’

cap. w. 10111. με.

...8111111111 11. 12.

INDEX

v. 8. 11288
13. 118
30. -321
32. 176

-01 i

21111.. Ι

111 1111111111Ι
11. 8. -63,232,368 1
1111111. 191
111. 11118

11111111 -359

. -110

. -351

’. . -103
. -203

conos& Ι

114. 11813111 ,
10. 138
111. -330
11124, 1411, 214
. -1102
. . 1211
. 111811
. -111
. -11111
xxxvii.
7. -176 1
111. 41113111 .
1111. -352
111. -1111
11. 1. 28
11. 14. 1175

1

11. 1
1111. 1. 162

ξ 11. 10.
³ 111. 11.
2 111. 28.

1 xiim.

*cmm

ἰ 20. 1209

11. Tm.

¹ 111. 0. 12

1. 11. 379

11. 7. -290

1 1111. -111
j 21. -10

TIT.
11366

1114
0.

i. 3. 13611
1108

viii. 1.
x. 1.

211-31. -246

' 11. 5. -190,330

1.·1, -411
-1111111111

> 8. JAC.

ῗ 11111. 11314

1. THESS.

11. THESS.

i. ,1. 11230
0-10, -244,26.1
11. ,1,4. -301
4. -24
8. -211
11-12. -3112
mma-400
1112. -241

1. ΤΙΜ.

ἦ 11. 23.

-183111

1. S. PET.

11114

· -103,110,3111
1311
11210429
-269
-101238

 

