008

Cherubin symbol 81 (1888818, 11. 47

880 81 108 1881 01888888οο88, 11. 40, 00

(10818 1888, 81 11081 1881181, 40

111 1818181188, 11. 880, 807 ,

8888811811] 81ιο 1118818018οῙ] 8811881, 04,
00, 11. 088

0111181, 880 881111, AEone put 18110 011188,

01, 018

INDEX OF WORDS·

8810 18 0818 8081818180 18 880118 181 881,
81181881, 00, 8008001180

18 0818 18881880 88 88110 81301888
menthe 11881 81881οι18πο0, 040 8.1

nenne 8181188 1110188180, 040 n. 1

80881011188 81 (11188118 8011818183] 08-
18888118180, 081, 118.

88111811808118 by 08188818188, 010

10888888181881188 81108 AEone, 01, 800, (1811181 18181188 1118111, 18 108 11881188 enn-

888118110 ,188818118οΜ, 801

1818180 11808818108888811817080, 880
181108188, 11. 070

8881118180 108 01818818, 888, 11. 80

88888081, 8188881181, 181 8811881, 810,
311, 801

1081111080 11110 Logoe, 88, returned 18
Pleroma, 80, 88

leaving 881011 τινα, 100

811818118ηο 88888081), 100101, 1180070

88888818888811818, 80 8.ος 00 88, 08
8.1, 11. 00

888018818, 881111881, 81118181, 888881818,
08181118, 80 8. 8, 01, 1008. 0, 11. 80

8811118818ηο 08181118 1888881018, 0188.
1, 8, 4, 00 n. 1; 011, 880 1111001888
081818108 8888188, 00, 100, 010

8818181 880 888888118,888811118,10.; 11. 80,
87, 80000004

0811888080 88 88888 81888οι1888 n 0818,
00, 01, 140100, 101, 011, 11. 81

081 1181108811 81 88881811, 000010, 11. 40,
0484, 80, 0088 80, 00, 418 110

81881080, 088180 by (18881188, 000

by 08888, taught the unknown 881081,
101, 11. 40, 81

88888808, 01, 8080 11. 0, 100101

type 81 108 88881, 88188080 88 8188808,
00, 81. 11. 070

, 88111181, 818 tea· 818λῆ188, 00 8. 0, 11. 40
8. 4, 80

88888 81 1311818888, 001, yet 88188 11, 810

1181081 81 88181, 118, 101, 1181 8.4

8880 81 108 11811181, 100184, 18188180
10818888888188018, 11. 81

088881181 881111, 1808. 8

0811181 principle 81 0801188, 008, 811181
8111801, 007, 018 functione, Q, 040

88108188118 AEon, 000, 008

88818 18188180 by 0181888188 01810818,
180

111188 81 thiemo, 180, 1811888νὸ88-
μ8, 10.

1818118880808118, 180 n. 0

88118081 81 108 1118888180, 141, 148
8.1

8 symbol 81 1118 880880, 88 18888 81
1080808880148 88.1,0

181180 81ιο 18881180, 11. 07

80188181001181188 8818018, 870

8188801881, 11. 01, 00, 00, 170, 174

0810 (180 8801188,οθ n. 0, 11. 110

0111811, 881 18888880 181 100 m
ffi1n2

8180888880, 11 101, 81888 88118888 888·
80888, 11. 011, 070

11881188 81 1181, 881111, 11. 88

10888881080,88,11.40,87,88,84,80
QQQoe

88818 11818 118 81081 181081 then 1118
0188181, 11. 881, 880, 110888 81888888
808118 18 811188188 81 hosting, 11. 871

8888811οο 811181, 00881, 11. 117, 118

81888, 88811180 811088108808,11. 885

1111, 0818 81 virgin, 11. 101

01110, 1888111 0881888180, 11. 100

0818 180188180, 11. 110

11111, 81808 81880, 11. 801

108 888188 81 8810888, 11. 800

88118180 08838011. 881

81181811, 81188080 8181 1888, 88811,

11810 818800810, 11. 100

bring· 18110 810 things 880 new, 11. 10,
000070

8011811, 11. 178

satus, 88788181, 88110818, 11. 88

81888 without 818, 11. 880

8888111180 every ege 811118, 881, 11. 101

880 18088818 8181, 8888181188, 11. 000

18 1111811888 81818181 088011. 107

88881818811 81 8081011. 104

8888818888ιο 11110 1110181111, 11. 100

18081180 108 'sempter with 8811811118,
11. 881

108 181, 0888081 18181), 11. 178

1888881180 88 by 018 Ρ881188, 11. 01

by the 881111 8118881181, 11. 90

181818 8188 81181 108 image 81 (180, 11.
881

8181188 108 08811 880 181111, 870

11801880 11188018 108 1188081181, 11, m,
100 (888 0881181181)

between 0118180181 18 1881 6888818, ti,
tegnsgndvent 18 108 11801, 11, 08

 

