INDEX 01³ WORDS·

Spiritnal principle 11661 Achamoth, 60 n. 3

66 1166616116616 661 by angelio rinion,
41, 60, 363

need 166611666616, 64, 66166 by 661616,
616.3,611111. 3, 4,6

mede propheta, priosta 666 binga, 63

1616166330

inconsistency exposed, 330, 359, 364

16661616611661 166 body, 369, 330

and 1661661116 6661 with Demiurge, 69
111, 66

361111 alono 661616 Pleroma, 60, 136 n. 3,

66666 superior 16116616136,69,361,363,

666 11116 366616, 136

166 eponae 61666616, 16. 69, 66, 363

renouatio-aue

Spiritual 66666611. 333, 340, 346, 346
judgos 611 66661161, 16166666 61 none,

ii. 366, 369
rightly interprete Scriptura, 11. 369

3166666, Protomartyr, ii. 66, 66, 137

Stesichorus, 193 (6661111616)

Stolo 1616116111 held by (16661166, 394 6. 4
6666661161 6661161166, 396 n. 1
Pantheum, 394 6. 4

subjectioni 6666161116 16 horam, (161. 11. 6, 11.

74 61
Subotance, 1616611116 (Valent.) 41, 360, 6666
666 116 proper 6661166366, 396
(666 Substantia)
3666111666, from Panion 61 Achamoth, mete·
1 1161,1166 6661616166, 6666616, from 611-
gelic vision, spiritual, 41
3666666161146661611611, il. 336, 333
episcopal, eaicgnard ο1 66611166, 11. 377
66
3116611666 61 Chriet'a people, 6 61661 61
reality 61 Chrirt'e own auderinga, 11. 93,
100
366661 recreatione, 130
Sura 66111, explained, 334 6. 6
Swearing forbidden 16 0611611666,373
Symbolum fidei (666 111116 ofFat‘tb)
Synagoga, 66616616,11. 17 6. 1 , 31
synagogue 6661616 contemporaneum, 174
11

36116166, 1161666116, 11. 134 6. 1

Syriae analogica, 1, 4, 33 66, 39 63, 69
6. 3, 70 6. 4, 7163, 7664, 9661,
13011.1,1336.3,3396.6;3666.4, 363
113, 3306.6;33111.3,36111.4,11. 346.
6, 31 11. 3, 336. 3, 3363, 3461, 36
6.3,366.1,336. 3,30 6.3,40 n. 3,
4114, 46611.1,3, 4963, 63 66. 4, 6,
6466. 1, 3, 3,66 66.3,4,66 66. 1, 3,
6366.1,3,69 6. 4, 6366. 1,4, 6463,

661

696633,7011.3,7911.3,336.6,33
116.4,6,3, 91611.3,4,96116. 1,3, 1066.
3,1166.1,1366.3,1466.3,14913,
16014,1646.3,1666.1,163116.1,6,
16363,1736.6,1776.6,17911.1,131
64,1336.1,3316.4,33066.1,6,341
6.6,36111.6,3666.3, 376 u. 3, 33111.
1,3346.6,3336.6,3366.1,3376.7,
33366.1,7;343113,3436.6,363111,
363116, 369 66. 3,6, 36364, 363114,
3306.3,3316.4,3366.1,3916.3,393
6116,7,40311.3
361166 formula 61 1116166ιί666, 133113, 134
6.1
trogmorum, ego 61 MSS. 11616 whence
obtained, ii. 431 n.1
Syrophenician woman 6,616ο]1611,3336. 3
Syzigiea, urrhenotbele, 10
mutual implicatior, 73, 31, 33, 399 111
typilied 16 marriage 61 Christ 666
Cburch, 76, each pair 611 unit, 61.
madulanum

’1666166616 16 6116616666 66661166166 61
Egyptian 616111, 11. 343
Tables, each contained flac oommnndmenta,
11339
Τ6666, 11130 6. 3, unworthy 61661616 od
11161111 1161161, origines 166 36661116,
330, 616666616666,16.130 ·
616 6661661 ayncretlc, ii. 130
161666 6111111666, 330
6166166116.
666166 366616 niratica, 330, 11. 130
66
1616166, 6. 1361311130
’1661616131616616 Dirine Ρ111161616,736.3
Teitan 611616 166 number 61 166 66161, 11413
Telesphorus Mart. 6616616 1116666 16 166
Roman 6666666166, 11. 11, 476 ·
Τ661616 16 Hoeven, ii. 310, 340
Temporel origin 16161166 166166161 end, 11.
163
Temptatlon 61 Ο611616666166166,11.333,383,
ο1666,11.381,181
Terra, a 116166 61 Achamoth, 43, 363 113,
11. 146
’1611611166 copies 1166 11666166, 361
Τ6611111611,116111 an ndremry 6666666366-
6616, 11. 131
16116616 Pythagorica, 9 11. 3, 66616166 Da·
cod, 167
Τ61166, 16166161616116111611116, 10
61111161, 666 6666116116, 100, 169
666666 11616 3161166 despoliatum
from Genesin, 170, 666 61116161 666116-
mena, 171, 61 36666666 6661161 end
6111161161, nght 6116 1161116666, 101,

 

