11111. 6,1. -226
11111. 8.
11111111. -646

1111116. -114

1111111.

viil. 1. 11221
x. 12. -236
xi. 2. -346

111111. -Gn Fr. 1111.

111111.

111. lxoqq. 11. (11111111.

1.
8.
10,14.

14. -611111111 1. 12.

111. 31131. -246
mfflm.-m
11116. -131
63. -236
1111126. -168
111. 8. -166

111111. -61, 11111. 11. 8.
22. -Gr.Fr.xxi.
- (1111111111.

0 1111119.
111111. -31

22¹. -61111, 11.

1111113

INDEX

011. vor. ’1111111111
124. 11217
11. 4. -141
4,6,13. -386
16. -382
1111. 3 -191,382
1. 6. -166
13. -191
16.
11131111.
11116.
66.
111111.
11193.
xxvii. 18.
11111166.
xxx. 1116.
111111.
4

6.
6.
9.
9.

xxxiii.
10811.

ii. 1. 11224
11112. 1114
11. 3, 6,9, 90. -114

11111111. 1340
xx. 6. 11166

1111).

1111 1.
1111116.
11.
24.
31
66.
1111111.

IV. REG.

1111. umam ’
114. -61111111111
vi. 6. -311
xiii. 21. -611111111,
xxv. luqq. -114

ESDR.
iv. 6. 11114

JOB.

-Gr.l²r.xix. Μῶφι, 1386

11111111111111111.

12.

vi. 11. 1111111111. 1111

37seq. -93

1. ΒΕΘ.

1111113. -61111111 1122. 1114

1111. 3. -6111111111

111. 31ης. 11231

3. -1111111111 xm. -193

xxxv. 26. -166

DEUTERON.

11. 14.
19.
24.

1. 13.

8.
12.

11116. 1112

1111161111 11239
11. 6. 1116

xxi. 4soqq. 11161

11. BEG.

11. 6. 11619111111
· 11. 27. -139
1111111111. 431216

1111113. 1116

-Gn 11111.
16. -6111111111
11116. -61111 xxv.

6.
iii. 6.
1111. 2.
3.
1111. 3. .
xv. 6111111. .
111146
11111. 1.
6.
xx. 4.
xxi. 6.
16.
19.
31.
1111. 4.
xxiii. 1.

 

