111001 01010000. 641

1100110 100001010,115 110111 1000010000010001101100111111001,
1100111010, 01011, 01 (101 00101 80100, 11. 388 11. 382
judged 01001, 389 110 improvement 010011 10 0001100000,
Melo (valentinien) principle 00001101 10 ii. 174, 292-296
00111, 129 0. 1 Menoe, 0 type 01 00101001 1001, ii. 191
need, engele; semele, 01001, 390.1; 50 Marcelline, 0 10110001 01 0010001. 210
n. 23 0001010 form, 100010, 001010οο0, 103
16 0. 43 20 0. 2; 32 00. 2, 3 Marcion, 11 001100 01100100, 216

1100010000010101001, 11. 27 031 28
11001101, 1128111
1100 0 componite being, 2823 ii. 121, 141
010111010 010100101, 11. 333-331, 342
01 Body end 80111, 01 100011 received
Spirit, 11. 311
1011101001 1111001100, ii. 850 0. 2
101001 01, end 1010100 10 00111, 11. 307
by 1100 0000 10011, by 1100 life, ii. 381
1100, 110 0011000101 001 110 conqueror, ii.
383, 384, 390
001300101 Divino gondoeno, ii. 106,171
0010001 0100101 001100111001 1101, ii.
231-297
0100101101 110 own good, ii. 184,181; by
Fether, 3011801111, 213 ne
eubJ'eot 10 10011, 101 merny 10010100 him,
nmmmmmw
01001111 001 through 01110111000100·
tion, ii. 34,100,101, 2111 001 10011-
100011. 103
1010001100 1101001001, 11. 101, 122, 228
humilier alono 1000000 110, ii. 299
Veleniinion, 001 01000000 oley, 49 011
ii. 366 03
complex 001010, 11,6100.1,3; nim 001
1001100, ane-361
00000110 801101οτ0, 70, 71
0011111101,10; 1100 1010010111, 11
unknown 10 Demiurge, 11.
10010010, in.; 1001101108011, 64
00000001 10 000010,61; 0110001101, 172
101001 by onion with 01001110, 12,18
00001, 14; 0011 notwithstanding, 11
00001101010101 by Demiurge, 49, 11
001 0000101ιο111 01111 (101, 11.
1010001100 00001110, 12, 14, 11
0001011001 10 Abel, 64
10110, κατ’ 0111110, 49
edvin, 10 n.1; 11; 1001101 by 0011, 64
formed on eixth 10], 001001 00 013111,
172, 01. 288 0.2
1001100110 0100101100, 11-14, 61; 11. 377
ophite, prototypel, 124 n. 2
01001010 01 angele, 191
1010 distinet 10000, Saturnine, 108
0110100 merny, 80100 0000, 11. 303.
11110001 10 11011010, 11. 301, 340
type oi 1101000, 171
(000 1011110000, 1100 wilt)

VOL. 11.

000100οο101] with 10100100, 11. 18

00011801 0011001 theory, 216

00000011] 100110, ii. 118 0.1

11000100 00010001101 0 010111ος0101
him, 11.67; 001 111001111ος0, 218

8101010 principie, 212 0.1

110001 1001103000100100, 11. 134 01

0 110010, 210, 212 n. 13 11. 08 n.1; 1341
10111010, 216 0.2; 11. 08 n.1; 1343
end qurdrnpie principle 00011101 10
110, 216 0.2; 11. 134

0011 1101 001 01 110 Low 101101001, do.
216; 00001001οι01, 11.

100101 1101 world mede by Word, ii. 41;
01. 323, 397 ,
1100010001 110 0100101, ii. 08, 396, air

110 good Deity, 212

1100 0110000100110,216

dieeolved Low 01 0000000101, 217

1001011101 011101 neme 10 110 001011.
41, 01. 373

1)οοοῑ10 010010, 216 0.4; ii. 217

0011 1101 0111011000 0 0001101010100101,
217 03

0111011 1000001 1010 fleu, enred 0010,
do. 218 0. 4; 101 001 Abel 001 110

1101, who were 10010101000, 219
100101 110 0010011οο 01 body, 218
006110180101010, 4 031 36 0.2; 216

nd, 217 0.3; 21802
010100001 1010 more 1100 1100 1100000-

11010, 218
0011101 0111011 0011001000, 216 031

218; 001 perenger 1101 0010110110·

11011110 0100101, 218
00001101 (100001 1100 810110, 2171 11.

4111.6; 11, 17
0111101101 8. 110011 11011100, 2181 11. 67

00. 2, 31 78
111001 wholly rejeot them, 11. 72 0.1
1010101, 212, 213, 217, 363; 11.134,101,

111217
0001100101 with Ebion, 212 0. 2; 1100111-

00110, 216 04
preferred 10 Veienti, ii. 68
000100001, 11. 217
0011011101-1010 of 80100 1010100010,

ii. 14

Morene, 114 021 0 11010, 2491 01 Gellio
origin, 110 11.3; 111010000010,1200.1

34

 

