1110011 01 11011110

received portione 01 111 1011001 11010 110
6111, ih.

Demone, eeveo 0011110, 1100010101011101

00100 1101011266, 236
1101101010ςο, 1011111, 166 1. 20 11011 him, 01
Achamoth, 47
1100100111 fidei, 11. 181 116
Developvoent the 0101 01101010, 04 0.2
Devile 0101 011 11 110 6110 01 Irenaeo, 11
316; 1110 before the 610 01 01111111. 264
1101011011610 1110ιο 01 (106, 264
0016101000, 1 1011111001 01 the Levv, ii. 141
1110110111 11 1 vvritten 011110101, 148 113
1100101111 neoni unknown to the Apoetiee,
11. 76, 70
111006 through 1110111011, 26, 346; 11.
1ος 10 crepemus. 200
Ι)11011011001100101110,11.366
11110106101100, 11111 1100 101, 11. 288
6100111601, 016 00111110 10 11011 100016-
ing to 101010, ii. 66; 10 he reiuted in the
1101600 o. Marcionem, 68
016, 111 object, ii. 266
Now, 1100110116 10101100610 01001011,
11. 110, 268, 210
6001 not 10010 1011101100 the 01061110,
11. 211
Divee 106 heremo, 361 ; 11. 148
1111100 1111001 11110, 110 110110 one. 684, 111.
11000110 (1001611111110011 trith Simon Meges,
106
1011106, 11. 260, 616, 316
11060016, 11011 ,411110001 106 60010111, 11,
1001111101
formed 10111101111001 0100101601 01
60111, 161
0111011 1111601 quo 1111100101, 168111
1006011106, 1101011 sheep, 1683 6110111,
1110110 1001601, 3240 therefore the 10100-
10 10011101 106600010016, 326
1000116 in 106111, 1661 10111 months,
161
honre 106 elimatos, 16.; 1011100 601601,
1011111100, 606, 624, 340, 341
Dore-like 1111010 01 Chriet, 60,61,140, 160,
161, 211; 11. 32, 66, 81
1111101110 Α 116 Ω, 1111101103 801,
140146
0010100111, primitive, 26 na
11011, 11111101 1110060110 10110111, 60 110. 2,3
101011 6060116 110 progressior, 157; 11111-
11110 1 1111001116, 168

Bul, ege oi 1110, 11. 12 1.1
Bm 1100006 in 1101 0160101116011,11. 16, 11

631

61111, 1110060111 origin, 46, 213, 214
1 neme oi Achamoth, 46
6111606 10 11001111 111010110110101,11.
1011010600 1110 1110110, 168

6111001101 believed thet (106 11160 the 110116,

216110111110 1001011106 011101100011100

106 Corinthun, 216
0001111106 reith 11110100, 212 0. 21 11161
Corinthun 116 01100011101, 212 116
retained Jevrieh 11101, he.. with 1 11001·
1611011 veneratior 101 1011111011, 216
0. 6
believed 10 0011006161ῑο 0111100, 213
1.3
0106 011106. 11161011, 2130 1146
10100106 110 Pauline 60111111, 216 0. 1
110100111011 01 01001000, 213
1011116011, 11. 260, 316
60010111, AEon 0001011 01 101110001, 1018,
100, 602; type 016101.,1101006 01 Ache·
110111, 61; 01. 60 1. 2
Μ11001110 1101601111, 162
6011011011ἰεί Vel. 11010101 Catholici, ii. 10
6001011116011, Vel. 1600, 11, 302
Egypt, 100011110 10 810106 11111010,11. 114
111 011101111111101 to 11161600, 03
6000610 10011 0116606, 11. 248, 246
0110101 11111 destined ior the 1011100, ii.
261
ssight 01 Chriet 1001011, 11224
Eia 60011111011110, 10 0111011 11011 Ur, 11011,
111.00111; 224 n. 1 (0101101111.)
6101061, 223 06
Elementa 116 their 001111101οο 11010 Aehe-
moth'e 11161166
1001011106 the Tetred, 164
Eleutheriou, tenth Biehop 01 Rome, contem·
001110 vvith S. 1101011, 11. 11
61111, 01010000 01 11.’1“11101101011011111,11.
hie translation, ii. 330
11 610 thet 616 101 0011110111. 331
11010001010 01110 110 1011606011, 11.
3110 Gr. rr. xxvi.
6100 010101106, 684 1116, 4
610001, 260 n. 20 261
6100111, 366 0. 1
Elpis, 1600, mot
6011160111 110010, eet-eso, 301
excludet 0001061110611110, 283, 606
60006001011111-01011011 110010010, 264 1. 21
111101110οἁ the 11110116 11101101111110 01
0111001061100060006
101100011100 0111110101013006 106 evil,
20402
inuret, 281116

 

