INDEX OF WORDS.

The Judge 01 011, 11. 376; 1110 objeet 01
110100, item 1110 00000101 1010011. 221
died 0010011100, ii. 412; 10 Hadee, ii.
Ι 241 0. 1 (000 Hell, 6000001 luto)
00610001010060011,11.336 11.2; 412
100 001000101 our Rerurreotion, 11. 412
10010106 000000100 between 1000 006
(106,11.101,316,338 .
0011011ιο styrie, li.290; enhnnoervlotory,291
0011011000, 6101 eo 00006 01 6011000, hot
not greedy 01 gelo, 11. 130, 131
10 1001000601 court, ii. 248
· engaged 10 boeium, e'b.
010 00 0110010 006 6011100, 11. 422
, Judglng ell 010 judged 01 0000, 11. 266
0111000103] 01 100 Ante 01 Ap. il. 74 02
000100, 80000000 Dei, 11. 22; 11101001, 11. 132
01 1000600106,11. 21
006 801111 0010016001, 11. 132
10οΒ06] 01 001101, 11. 106, 374; 010600.
11006, 61, 1121 need 01 (106, 11166, 234
60011100 00101608,32,37; ii. 62, 276,
378, 379 0
miraculum 000010, 370, 376, 376
001010]010011ος100 600610 1110, 370, 376
free from eoretoueneee, 371, 376
’ 10010006 0] 001101, 72
⁴ > Perodiee planted on 0011011310
00100106 0] 801111, ee 006]1)]010010,
11. 1313 noter ol 000100, 11262 0.2;
catholic und 000, 32, 371 11. 131, 378
established throughout the 11001, 33
61110006 throughout the world, 30, 321
” 11. 47, 130278, 378
ee 000100-010001106 nght, 11. 373
100 600001101] 01 1100010110 11010, 006 01 ·
100 801111, 11. 16, 131, 378
'² 0000061 with martyre, 11263
0010000106 1011100, 11. 264
“ 110 1010101006 01010000, 11. 261
001110ςο 0160100010, il. 166
01 Jerusalem the Mother 01 011, 1168
01110100,11. 3-11; 11000000, 11. 12
01 (1001 00 011001 110111 1110 11001010
000100, 121 021 01111.
006 (10011100 1]0160610 More· 006 Ζ10- .
0010011. 224
010011]000, 11. 223, 226, 227, 260263, 264
1101000100, 101001016, 136 n. 2
1011110111 0006 01 Achamoth, 60 021 61, 76
τῶν τῆς echelum, 136 0. 2
011000101ιί00 00016 notjuetisy, ll. 130
1100 0100111106011000010100,11. 183 n. 6
01001 01 0011110010110001010100, 11. 130
clement, third 10 100 Romen 1000000100, 11.
101 000110 with 60001100, 10] Ep. 06 cor.
0011006006, id.

529.

01101100, 0000 hodite angel, 167 0. 31 1001,
11. 47; heretice 0060100110, 168
Canopum, 01·Ρο10000110, 11. 388
0010100000, 102 0. 21 127 0.1; 00100101
61000610 (1000110100, 103 0. 2
06100011οο1 myetioiem, 103 0. 2
precursor 01 Μο1000,127
01 8110011100, 111 06
00000600011000100161. 178; 001100 1110
Lew und Goepel, 16.
0001000100,00011010 000100, 121, 126 ,
0001000010 honoured 00 0011]10,11. 38
000610100001000 110101], 11. 231
Coneeorntion 0] 1011101010, 116, 206 041 01
1110 Word, 320, 323
0006601011οο 101100 00011 10 10110, 11. 188
0000000000, 6001, 01 (1110011063
0] 610, 63; when mutter 00010110106, 16.
0001100000 0100011006 0] (10001100, 10 100
00001110, 67 n. 4 ’
0001010100 01 1400000111, 36 031 46 02
000000010101· Setun, from λύπη 01 6000-
0010, 47
100 110111 01 Demiurge, 48
but 01 0 00111100] 0000000, 46 0. 6; 48
n. 1‘
0 0000060110 001100, 47 03
001 world 010 6061101, 48
Μο10100110 Demiurge, 217
0000001101, 11. 84, 104
001000011 with Mun rarione, 96
1001611100, 1160
100 letter compared, 11. 266
(000116000101100)
Orestion 101 000, not 000 101 01001100, 11.
01001100 100 work 01 000 1111100 21ῑο01010,
263, 264ς 11. 40, 213 Ι
0000110 10001] 10111106, 264, 267, 263,
111, 301, 11. 000. 010, 011
01001100 1000011101 God’e 11111, 368
01100106 0] 100 Word 006 erdom, 16.
μιμήματα *rein 6010061100, 142
001 10 000001 01 Pleroma, 266
no expremion 01 10111] AEone, 207, 268Δ
0010601 01 Enthymesin, 268
0000001010011 01801010 angele, it.
the work 01 Benevolence (Pluto), ii. 136,
01. 184, 186
006 01 Wiedom, 11. 236, 326
10 1100100000 0010 1001601011. 373,
01001100 010100, und 010 Regenerution, oom-
pered, 11. 317
0100101000 evidence 01 Creator, 11. 272, 348
010060, bearing upon Gnoetlclem, 30 0. 13
31 0. 1 ; 123 03

 

