INDEX 01³ wolton.

8011111111 1111110110, 79
110 1111111110, 41. 31 26-361.2; 69,
1111111101 01 1111111111, 26-31, 67, 69
110 8011111111 1111111111, 64, 3-86
end 111111, 333, 363
1111110 11111 by scripture 111111, 301
00111111101 8. John’e Goepel, 76-83;
11. 46
received eleo 8. 111111,11. 78
0011111301 01 01111111 111111111, 26
11. 1, 3
put 101111 1101161101 τῆς 1111161111, 11.
711111111111 11101001011111, 661 0011011110
111111 10011111, 16.
1111110111, 66-67
111 011110 1111111111 the 11101 1110, 66,
272, 313, 314, 363
1111101110 1111100111111, 11. 19
110 0111111οο the 01110110,366; 11. 79
11 1011111010, 300
1111111011,111.4; 18,861.1; 89, 37,
anmmem
110111 then 111101011111, 11. 1, 68, 276
11011 bleephemone 1101, 11. 144
110111 11111 bathen, 2721 11. 144
0011111110 10 the dog 11 111 suble, 276
their gutte 110 11111111, 11. 86
1111111101, 11111011 1110011611, 369
Victor 1111110 by 11111111 reepeoting 1210.
11111, 11. 4671 811. Fr. 111111.
1100111111101111 the Aetnttnr, Gr. Fr.
111 010111.
virgin prophetie rign, 11. 166, 167, 116121
1181 brought 101111 Emmanuel, 11. 104,106,
110, 116-124
vogin 11111,1161101 to 11611111, 11. 881. 3
111110111101 Ere, 11. 376
1111011 dieobedienoe 111 11111110, 11. 123,
1243761. 71 37612
1011061001110 11111111 concepit, ii. 123
1. 4
111 111131101011101110 by 0111111, 11. 88
711101 01 000, the bleeeednere 01 1111111,
70111101, 1111111110 humen 0011111110, 01.
rr. 1.

11101101 01 0111111, 11. 33
’1111111011 01 7111111, 11. 37
0111111111, 11.-33
1111001111, 186 n. 1
111101 011111 with 000, n. 100
unit, euppoeed 11116011 propenderet, 103
1. 2
01 11011010 0101601111, 103

1111001110, 144

5ae

Pythagoran, 297
Unity 01 111111, 11111111111 11101110, 189, 309
1.6; 348, 349, 364
01 01110110 711111, 92-34
111111111ῑί11 01 01111111 3101111601, 11. 228,
01 101101 11111110 111 01110011111, 267,
203, 242 n. 3

771111, 11111011 01 11011 8111111, 11. 1861. 61
374
1711111101 11111 01 1401111011, 36, 36, 48,
274
01111111 principle, 2293 01 Thulen 110
1101111, 289
17111-01111111, 111101011111, 11. 19713
71110011, 11101111 01 8111111, 11 Word 1101
801, 368 141 11 132, 164, 213, 214, 216
Womnn'e 1110, obernum 01111111111111, 11.
Wonnen (1111001111), 001110111εο 111111111,
117
7101001000111111) cutting 11 11 11111. 3711
111011 011111 0101011111, 11. 398.
11111’11111110101,11. 164, 166
uppenrod 1111011111 01 010, 11. 113
(111 10101)
werke, 1101111111 10 11110110(7010111.), 643
10110 1111111111, 68 (Simon), 193
eervioeeble not 10 00011110 0111111111
11. 184,192
merrtnge-gnrment, 11281, 282
170110, mutter, mind, spirit, 62
(711101111οο 11111 1111111111 11111111,
without knowledge 01 Demiurge, 164
0111110 from nothing, 188, 2741 111
17010 110 8111111, 138, 266, 348, 3681
11. 41, 2641 1110111011οω, 362
the 1111101 0111 11111111 11111, 11. 161,
mede 11 ein 0111, 110101111 rix 111011-
1110 11111,11.403,406
111 1100111111110111 7111111111, 63
1110110, nne-non 11. 373
0111110 by the Word, n. 41, 317, 973,
374

7111, 1111111111 myth, 341 1.1
10 type 01 71110111, 346
noeeptnble⁸ 327
type 013111110111111111111, 1991 1111110,

2111111101 01311111011111,226; 1100111111,
6011310, 1111011011 11 1111111, 166
Zoni, 10, 78, 100, 286, 286

1110110, 286, 286

 

