100011 01 1101101. 030

,1011 0100011101, 02

’100 80110010 00111, 11. 147, 118, W,
172,178, 118, 270, 270, 281, 282, 802,
801, 870, 811, 882, 888, 884, 888

101 1011101100. 805, 870

1111111011 objections 1010101, 11. 100, 101,
mmm

010101 οο 1010’1111111101100, 11. 800

0111, 201, 207, 201, 800,840,11. 80, 10
0011001111 1111101111,111,282, 280, 804 1
mfflwmm )

· 1011101010, 282, 280, 804, 887, 11. 170,
1001011010,11. 202, 100001101011010,
mmmmmmm

011 011111 11 01111011, 800

will 101 1110113011111111011, 111

’ 0011110,1011οιιο001111,,208

0, 1111111 11000011, 11. 218. 0, 01101011
1110101100 10 3101010.

1101 101100, 11. 888

111100 11110011,1,οΙ11011,11. 221, 222

00111110 0110 101011. 100, 101

1011101 01 1101οο111 00011, 11. 389

00001101, Koounos& 8,,1001, 181, 200,
201

10130, 208, 11. 807

18110100 100111 0010,111111031111 800·
11100011. 180, 807

1111 001 11111 10110101 11111111 11001101,
11. 108

(1011 111. 01 0111000, 802

011 111111 11 001101 0011, 1201101011. 28,
881

1111011110, 1001111011, 11.22,102,148

· 00111111111110110001,11.88,148181, 0001 101 11110,0111111,(1’0100110111) 80,

110310 001 1010, 11. 10 0. 8

287, 208, (8011101011) 188

“ 111101 10 00101001,” 11. 418, 00011 001 Goodm, nommant, ,1, 286, 287, 306

1010’11011101,11.188-180,181,107,208
31111 11011,, 00011001 ,111110 11. 282
1001111111, 11. 188, 180, 282
both 0111 10111111, 11. 184
110000 10 011 001111, 208, 204. 272,11.
100, 011 11111001 10 01011100, 011
0000110 1101000011οο 01 11110,11. 820

- -828

⁴ 0010101011 aod 11111000, 111 01

0000010100101011111,11.11,201

01011300, 808, 011 8101110000 0101 111,
11. 188

Supremo, 844,800, 8008811088, 1011011,
1111011,10 00011, 11011, 10 0111001,
0111101, 11808

011111101101001 0, 011 11011, 11. 104,
214, 00011110 0001, 11. 180 01

· Demiurgo 011111, 201

0111101 111 1010310, 011 0111, 278-270

0111101 111 101031 11010 00111103, 201,
200, 2ω. 214, 800, 808, 11. 80, 218

· 1111011101101111011, 881, 808, 11. 28

11100011101101,, 000111301111 800

10000 0, 3001 001111, 802, 804, 11. 00

001001 101 Low 100 0011101 10110011 001,
11. 107-188, 204, 200

10 100000100011. 181, 182, 240
1011113101, 11. 188

1001010311 11 0111 0100311011. 272
00111131, 11. 840 ·

001011 00101110001, 1010 01111011,11. 2
0010111 001, 10111, 11. 48, 0011110110, 10. 41

101 foundation ond 01111101001111111,
11. 2, 10101100 0011100, 47

Low 01 010110, 11. 88 0. 0, 201

10011101 10 0, 01111, 11. 40

11110 01 Egyptians, ii. 10 01, quoted,
888 0. 1

0111001001 quoted, 11. 10 11.4

01 1011000 177 0. 1

01101 110101 001011, 11. 170, 280

0111001103, 11. 180, 101110111111 AEth.
11001100, 281 n. 4

11111 0,,11. 817, 828

1110111 01 1111, 01 01 1111011. 242-248.
278, 280

01010, 1110 01001001, 11. 80-40, 888, 01101 psychioond 1011111111, 101. 08

01138801, 000 3010 101 Low, 11. 870

0111111 into 001, 01 001111, 11. 840, 010
011011, 810 0. 0

110000 0,101011111οο 0111, 272, 1000 0, 6001011101, 11. 140118

1101111011, 10.
11101110101011111 00 010 0011, 11. 288280
10000 0, 1011, 11. 182, 212, 218

Habeo 11 10111111, 1010, 11. 707 0. 7

communion with 001 11 Life 101 11301, 111011 01 1101001, 800 101 801111, 11. 120,
· 11. 888. 1101111100, 10110 1101 11111· 140, 2180. 0, 810888, 881. 108

11011, 10.
known 10 01101100111110,11. 188

110011, 0000111100 01 00011111, 00011011 101
801111, 11. 284, 001101 tho 11011, 801

0001010, 11. 210, 218, to 111 11 10 0110 (0110101111011101011)

communion, 10. 211
· 1110 0, 0011 10 00111, 11. 210
1010 0,0110111111100 01 8011100218, 218

aad 01 0111111, 101 11111101,11. 874
1101101 000100, 100 11011, 11. 871

100801111ονωοοἣ 10.

 

