GENES.

cap. ver. ’10111 μς.
11011256

1. 1.
2 - 163
3. 11254

11. 1191111,
111131
QOw 1

28. -174

ii. 11. 13111111

. 11331
. -120
1 383

9.
13.
14.

16,17. -126

17,20,21.-124
111. -367

-111- Q

23,24. -128
11. 7.
9. -127
10. -360
1.22,24. -330
vi. 2¹eqq. -279
16. 1174
11172

11. 5,6. - 360

1111111131, ¹¹¹ss- 110qq· ¹¹·1ss4

..127'202'203 111111. 3.

INDEX

LOCORUM SCRIPTURAE.

...—--·-——---

¹ 0111, ver. 110111. m·

11. 27. 1121130

1. totum. -190

111. 3. 4111226

1111111111-111 ff„ 1

11122. -156,162 (ς,

xv. 1. -311162163 m.
..167.166 e,14.
1. -161165 11.
ledonem-414 111. 1.
111. 3. 1. 173 9¹0qq.
1111. 9,10,11. -189 111119.

121111. 1177 11315.

11. 2.
ὅ. -172 xil. Steqq.

1111410111. -251

66. -173

⁴ 1112131211. 11226

‚ 1111127-23. -418

111111113101111. -173

3 maa -mz

¹ midluqq. -173

1173

41. 11417

-417

111122. 1174

111111281111111. 11233

xlii. 3. 1173
1111. luqq. 11.114,417

1111.10,11,12. -173

18. -36

28. 1174

 

