542

1011000101 7110011001, 166 0. 31 1. e.⁸ 01 Mathematicus. ite 0010101203 04

Pythagorae, 296 0. 6
1 juggling impoetor, 114,115 031 116
011 1171 10610110101111, 155
51111011111011111, 114, 117
precursor 01 6011010111, 115
earliest 11110 01111010511101111100, 116
00011011 of Eucheriet, 115
11111611 01 60610101, 125
1100111 01 women, 1161 1150 11011 rich,
enriehed 5101011, 116
1100011001 111011001, 119, 123
511 010 01 philtra, 610. 121
00011111οο1 0111011101, 121, 122, 126
010101 1 61050000106 611000, 121
110101106 10 5010111116 51 the highest
101101, 114, 123
11101106 111 1010 e 1110016 106 11110157
1510001511001 016110, 133, 130141,
142, 111
151 mother 01111, 1461 106 111116, 126
5110111610611015 10101106 10 him, 134
10111606 151 1601 01 0010151100, 127
511 Demiurge 1 1111001016 15011100, 261
01
110101106 10 51 01 higher gredo then
6101010123
1110061011οο0 1611106, 139 0. 4
511 1111150110150011, 137 005, 61 357
11111510105000, 130 021 131 021 367
000000111011 010105011, 132
111 0001111016 10 Ecclesia, 132
world formed 51 ultimate 101101 01 0111-
0110110501, 1321 115105 11111 1111-
000116, 132
thie development 0110111606, 133
10100110 00061001600 01 1110015110
1001001110051101, 166
1111001110 1010011100 01 grece, 1171 106 pro·
⁴ 611101119
1001101100113
tergere 011100111511 1111110110, 177
1161011100, 123 031 124, 130, deo.
fetrnuioe, 124, 133-135, 137, 249 0. 4
50560016, 139
0001100135, 1361 01 150 6016, 136 03
015111 10100106111 10101610, 11101001
150106101100101 (100111, 167
1015110111, 123 03
hruk (S.), the exponent 01 6. Ρο111’1 1111011·
101,11.40.315002,4
01110511001 1010, ii. 4 03
001101 0106 51 11000110 100111011 01 im·
1016511111, 11. 45 061 46
5111110501 11100, 11. 47, 46
Meninge diepereged 51 00011101, 198, 220
germont, 11. 231

INDEX OF WORDS.

511111160011001 01 110001111, 11. 66

1001600111 01 50101101, 11. 263
60111116 51511111, 11. 99
11011111 1511006 01 151050105, 11. 263, 264
01
etrengthened 101 the! egony 51 150 Spi-
rit, 11. 343
51006 will 5010101106, 1199,360
1000010610 15051016 01 (106, 11. 403
11111 11116110016101 1111 051111 11110, ii.
412
6101101 teutones, 335 04
1111101 created 51 (106 1100 nothing, 274,
001 00010010, ii Gr. Fr, 11111.
(Ρ1010010), 110 pre-existence, 293, 294
606016, 292 011 106 60100516, 15. 02
(0111110) formation, 227
1100 01016011 01 light, 228
(Valentinien), origineted 10150610ρί0
01 601511, 17, 46
10 the 0001011100 01 60510015, 35, 46
10 50111661, 73, 79, 314
111 1006000101 from themoth, 40 04
110 3101101 105111010 from Demiurge, 43
02
10011151101101111100, 51 021 63, 66
00. 2, 3
01 115105 010 101006, 43, 491 11. 366
03
010111111, 223
10 101115 51 610, 43, 49, 53 04
1010116, 274, 314
1111111011 (6.), wrote 511 (100101 10 11151011,
- 213 021 11. 3002, 41 01. 01. Fr. xxvii.
tradition derived 1115111 irem 6. John, ’
213 n.2
written while 6. Peter 106 6. Penl 11110
1111000, 11. 3 01
0000 51 6. dorem, 213 021 106 51 Pen-
100011010611, 15.
quoted 51 1101051111, 11. 42 04
Greek copy found 5111106 11115 6. 111101-
51110 011101, 21302
511 (101101 11000 received 5165100·
1101, 11. 46 041 106 001101501, 11 46
01
Men 1111 511110501, 11. 43
Mediator between (106 106 1110011. 100, ³oe
Menander, 100001101 01 61000, 1061 uage,
195 002, 61 11. 13 02
5016 01 (10011100, 11. 13 02
001106 11111110 1501101011001100, 195
11001106 1 110000110001111111, 196
0016 150 world 1111 0100106 5110101011.
011506 01 1010111100, 336
(00006110), 316 01

 

