m9

011. vor. ’11111 m.

‘LOCORUM schURAE.

cop. ver. 2611. m.

168

cop. m. ’16111 μοι.

11. 81111. 11163
91111. -71 , 61.
- Gr. 2111111. 11. 13,14.
-36,37 22.
13111. -36 28,30.
23. -38,86 6168.
22,23,24.-38 66.

23. 128

28111. -74 61, 62.

29-32 11.38,86,162 1.1.

34. -398 12.

w. 1η 1 m
1138 . 18.

oe. -ae 1 m

11.

421611. 126
49. -178
iii. lneqq. 11.77
neqq. -31
8 -Qmm
414 23.
24.
36.

21.
' 21, 22.

. -168,280
. -260
.-163 11. 61111.
136 21,22.
11256266 50·
. -92 11116.
mmm 16
3138.

47.

6.
6,7.
18.
21.
34.
v. 6.
26.
3132.
m.
11114.
6⁸eqq.
13. .
24,25,26.-77
23,30,31.-182
46. -413
46. -287,341
111. 8. 164
1ω11-Μ
23. -43
36. 176
361611. 1177
43,47. -166
111116. -246

22, 23.
111. 9.
s. Apocr. 11.

viii. 411111.

-333

-338

1186

1333

-71

-71

11342

1 71

-324

11. 246,280,338

11. Syr. 21 xv.
-168,161, 164
-246

-223
-93
-77

-269

-360
-20,77
-278, 287
-421
-237,287
-237
-242,280
1182

-208

11. 78, 284
-77

-165

1333

. 11. (11111111.

171
11. 166
-335

.-284

-77
-416
-78
123

. 11.136,124, 130
. 173
. -73,168
. 11283

-186
·— 248, 263, 323
1383

16. 11162
· 191611. 1381
11. 77, 148
- Syr. rr. v.
1333
11. 148

28.
31.
xvii. 5,12.
26-31
m.

xviii. 2ιο11. ‚

7, 8.

xix. 6.
8.

8111.
16.

26.

42.

11. 21611.

13.
111. 4.
33.
34.
34,36.
xxiiam.
44.
461611.
64.
1111134. -91,99
1111261111. -78,83
26. -236
39. -321
44-47. -86
47. -236

EVANG. 3. som.

111 Lm
113 134
13 Lm

affl
14.-ss
3 mmm
mmmm
1 1η
678κω

10,11. -41

mmm-m

 

