648

81166, 66116116161861161616,11. 382
16661161 61 (166,11. 387
861111 61111, 11. 390
6616666666661661161, ii. 386
6116 1616611666 hy the (161661, 11. 396
without hope, 11. 303
Areu-Aponon, ii. 330
through hie enry 61 16611303
we were hle inutrumente, 11. 28
6161611 16 be 166166 ιι (166, 11. 390
8116161661, ι 1611616161 Menander 666 81-
6166 111, 196 n. 1, 369
enjoined 1611166666 11661 6616161 1666,
166 61161166, 16.
1616 16616116 66161611666, angele, 196,
61 whom God 61 66111 666, 137, Do·
66116 ιι 1666161 (161111, 16. ,· two die-
tinot 11661 61 men, 6666 166 6111, 198,
eo uleo prophete, 16.
81116111, promised to 111116, 11. 37
16161616 by prophete, ii. 83, 216, 216
ιι (166 666 Μι6, 11. 108-110
ιι Mun humble‚ ii. 103-106, ιι (166
61611661,11. 107-110
61 16616 1611 follow Him, il. 184
(166 01161,166,8616, 17616)
86111116, 166 116 61, 11. 61, 236, 261
Scriptura ιι 6616161166 11111166, 11. 116. 3
Scriptura 116166166 with, 66, 67, 176 n. 1,
11. 116, 168, 273, 276, imitated by hereey,
67 n. 1; 6111161 6166661661, 11. 407
unknown citatione, 170 6. 1, 173 6. 2
1116166611111661,70, 71,170 6. 1, 178 6.2
16 166 161111166161, 11. 236
6616616, 66111 16666166 1111166 Unity,
66161 oouveying deep 66166161 61
066, 272, eeu-357
1666661 throughout 1611 God 6161166 111
161661 by Word, ii. 348, 349, 362, 363
1616111 Christ, 11. 170-170
616666 11611616, 11. 234, 236
1116 0611111166 nuely, 347, 16161616( 11166
11161116661,11. 236, 238, 266, 202
6611661, 349, ue the 13616 61 (16616,
ii. 172, 174, Rule 61 Τ1616, 11. 276
16116166 through Erre, 11. 114
16661166616111161 1116111661, 11. 10, 61. 16
(166 Marcion, Valentinus)
86666661, 1666611166 with 11661616 6616166,
102 n.l
611 066666, 101, 102 6. 1
11661 1666 61 Bythue, 11619
116611666 61 1466161616, spiritual, 62
reoretly oommunlmted 16 Demiurge, 316,
317, 61. 318
66116666 by Demiurge ιι Prophete,
Prieete, 111661, 616, 63, 61. 320

INDEX OF wonDS.

1661116166 by 866616, 242
11661 166616666, 6111611, 318
61666166 161 161661166 61 word, 318,
319
866161, 11616661, 16661111, 11. 108 6. 6
ooo rmum)
866161 formerly ooneidered 1661, 170 6. 4
86116116, nollem, 111 (1661116 development,
238 6. 3
86116111, 16116283 11. 3.
866161616171161111166, 11. 1116. 2, 611666,
66616166 61 Ptolemy 1666611. 111-116
1616166616161111166, 11. 113 6. 3, 114
authority ιι 16161616 ιι 11111 61 the Apo·
etlee, il. 116
81166611 eumity nith 1666 611161616, 11. 129,
303, 380, 484, 486, promised 111111 66 616
66116 6116146, 6666661661, 11. 126, 128
066116, 611616 61 mutter redolevit, 232
eymbolieed 111161, 228 6. 1
1116 166 myetio principle geuerelly, 11.
6116 theLogoe, 11.
166 866611, 241 u. 2
6161166 by Jnldebeoth, 232 6. 2
61616 61 Fili, 234
6611 16116 1616 lower world, 236
166 6666111116 111 6661, 11.
6116661116 61166161 166 8616161, 236
16611166 merul oonrolutione, 232
6116 66616161661, 241 66. 2, 3
8616 6616 nee. providentium Punici, 2³8
86161161, ιι compared with 0661161, 226 6.3
8616616 duy, symbol 61 111116661616, 11. 190,
410
8616611 666 7616, Valentinian, 31, 267
Democriteo 661166, 291
1616161166, 268, 263, 270, 271
8161116, 166 type 61 Abel, 11. 272
8166, Valentiniun, 1116 named 1166611,οΜ
111, 3, 10
6661111116 6661611 6111611166126, 18,
93 u. 2
661 common to 611 (1661116 ryeteme, 108
6611666 16 8. 16611161 6661166166,98 6.1
16661166 16 7116666116 eyetem, 13 6. 1,
11 n. 6, 11 n. 1
1666616111616 with Logoe, 278
61166116 him 11661 1166611166 knowledge
61 Bython, 13
eymbolieed by 06616616666666, 11. 276
1616166, 276, 277
811666 wetere 661166 661668666116-616166
Simon oi Cyrene, 6161116116 6661661, 20066
Simon Magne, 111661 61 (1661661116, 196, 219
6. 3, 221, 249, 272. 369, li· 1, 18 6. 2, 67,
268, 611 hiutory 16 166 ,4611 oi Ap. 190
physioul theosophy, 163 6. 1, 1706. 1,
289 6. 6

 

