664

, 110011106 118001101111 00010111111111
with 0111111, 11. 661, 01. 666
’1110110111 100001110011 11010 ite 6111 formation
11010 0111, 116611 1010 11106 10061 110
1111111, 6601 00106011 1011 blood, 601111010
01 1111111, 11. 646
1010106 11611. 6011611001 111τό0, 60
111 1111111οο 600106 11 1101011, 186 0. 61
ll. 146, 618, 666, 6661 1010106, 666
incorruptible through receptior 01 the
6061116 111006 0101110111.604,608,661
The Fleeh 106 1111111 10 01101, 11. 606
11 1011100100, 11. 640, 647, 648
1001110106, 1111110010 01 1110 epictetum
1010110000111060111006, 11. 88, 86, 91
Formo, or ungule 01 110 Fetber'e pretence,
161
1011111100, 1111111111 by grece, 11. 666
1011011100 01 Achamoth, 66 0. 4
11100011,110.61600.4;610.4166
0.11660.61660.41460.1
01 the 10061110, 1661 11 00000111100,
1611 011101000111110110011110, 166, 164
Free 011101 0110 merke the divine 11110011, 11.
164 0. 11 6861 101, 11. 186, 166, 686, 686,
688, 668, 666, 600, 604, 616, 601, 668404
1110101101 11110011νο01. 686
6111101111111101 1110 11011 11010, 11. 660
ἰ10101100 1101001101,” 641 0. 11 606

(11111101, 1110 111111011οΙ, 11. 666
(1111, 111 1001001 6111110006 ml
(1000111011)
(10110001, iguis 01111011, 11. 466
(1001001001 wholly without light, ii. 61,166
persecutore etill 11110 11011 010,11. 404
difficulty 01 0001011100, 11. 666
beptieed with 1 10101110 1181 Peter, 11. 71
(1010110 (1110101101, 66 0. 6
Gideou'e 1101011011 101100, 11. 66
(11011, 101010, graduum, 11. 176, 186, 661
. 101 (106 everywhere 10011, 11. 468
(100111, 01110600, 11. 166, 666
111 legitimare 01100111. 166
(100 1110010610)
heretica! ignoreoce 01 Τ10111, 660
1111101 1100110 001110 Nur, 16, 61
110 1111111000, 66 u. 1
6111116111 vitel 1111111, 161, 108
required to perfect the epirltuel 1111001-
ple, 66
1000001111Ῑο 10 the 01101, 464
1110 01 110 61010101 derived 11001 1111101,
66011160111606
(1001111 spirituale Felth: 1111011166 0. 1
; hypoctetieed 1100 01 knowledge lu Ber·
belouite 1111001, 664

INDEX 01³ WORDS.

111006 11111 1111011 11111101 eonem
the 810101, 6661 poete, 6661 egula, 11.
81111011166616111130111, 661

end therefore 1110160001, 666
11111010οἰ10, 664

(100 remeetur)

Guoctie 01000111, 0111111, 2& 0. 61 81110-
00011011,1661 11111011, 110, 111, 6641 11111·
60-10111111111, 166, 1801 61110010, 6661 61-
00110, 166, 166, 600 00. 4, 6,61 carmiger
1100, 676, 610

origin 111 811100 lingue, 6 061 68111,
611661 11. 1, 67,6681 through 1111101·
601, 11. 18

10111110 01 (11111 1111100, 6711611111

geuenl 1111111 10100111, dffl

110111101, 11. 616 0. 6

demand 011011 luith. 11. m

1111111011, 11. 6761 1011111111 hington·
011, 11. 146

111101, 11. 6101 1011011001 1611 0111011011
616

01110 adopted 11 (ιιι-1101101010

generet 1010111100, 666

(1101110110, 1001011111οο Item 110011 166

01160 110 110111 11111001 10 Later eud
error, 6601106 1111110011, 661

compared to 'free 01 Kuowledge, ii. Β]

(1001110 1101006111, 11. 81, 676, 676

arrogance, li. 861 1. 61 146,146, 667

6000111100, 11001 010 01 Scriptum, itm.
64

which 1111 0101111106 01 1101001106,11. 68

world mede 11 angele. 11. 41

11101601 epoke to 10111 10 10111, 11. 66

1111 0001111110 (1011101, 11. 66

110111000011011 1011111 1006, 168

10616010οο0 os 1011001, 666, 616

0011001111] 01101101, 604 0. 116111 11·
0016111, 676

1011160 marriage. 168 0. 6

600106 6010110011οο 01 11061, 186, 6701
11. 146, 146

1111111011 1110100600, 164, 601, 606, 610,
611, 6741 111101 eid, 614

1000111111,166 0. 61 166 0. 41 614, 660,
1111, 111, 011

prejudiciul to Truth, 601 00. 1, 61 646
00. 6, 6

(106 111100111010106, though 000, 684, 6871
11. 66
0000 011106 (106 101 000, 11. 60, 61, 61,
61, 146, 686, 691
11 Chrlet eud 1111001101, 6871 11. 16
by 8. 1111111011, 11. 60, 611 6. bute, 641
8. 11111,ος 8. John, 10

 

