636

11881188, 88881886 8818888186, 11. 364
118881 8881188 88688 168 Lern, 11192196-
197 , 88688168 (188881, 11. 246
8188168 8888 ln Chrietlon 88811688, 11. 202
horr 6886888111. 247
11881188, 1188188886 God'e Providenoe, 11. 133,
end 8 Supremo 81111,,272
8811188186 without 8881811188, 11. 233
8818181811 by christion 186888,11. 243
Hoeven, K. 81, 88688816 81818888, 11. 299
11881888, neren 81 Velentlnne, 44
11888888 synonymoue with AEone, 11. 146
Pletonie, 181811881881, 368 ιι. 2
888881, 44 nn. 1, 3
Ι end 118811, 8118881811, 118188861181·
8811836882
· 1181616188, 888188, 196, 203, 383
6188888188142, 166, 086118, 231
11881881, types, 88881688, 81188, 18111818, 11. 210
1186688188, Demiurge, 44 n. 1, 48, 139 ιι. 6,
18181, 11888881
Ι 8818888811881,236
llebrew lettere, 8868818888 81 sacerdotales,
336336
11868811 8816818818, 382 8. 1, 384-387, 11. 37
8. 4, 173 86, 187182, 193 8. 6, 266
nn. 2, 4, 268 nn. 3,4, 281 ιι. 4, 30182
11811, 68888811818, 11. 108 8. 7, 1248. 3, 241,
266, 267, 4118. 2, 412112
Η888818,]11811,11
Heracleon 8116 Ρ1818111,,11818ιι111118ιι8111 118
111881, 269 8.2
118888, maske 118 888888, 3
118881188, 88 1888 68688888 18 1118188 Unity,
189, 68186, 88818186, 11. 377
18 68 8181686,162,371, 11. 14, 379
11181 by 1881888 81816868, 370
888188886 18 68 witer 11811 16818881188,
· 123, 218, 11. 8, 18, 61, 67, 168
¹Ilerotloe, deteeted by 6886881811 bellererr, ii.
11111
81188186 8 1888 γνῶσιι, 123, 206, 218, 11.
’ 2, 8, 371380
886 more 8881881 1688 168 88818886, 206
8811888118186, 243 ιι. 1
6888811686 from Simon lllngue, 219
88111888, 2, 301, 11. 80, 261, 276
1881886 congregatione, ii. 9 116
681888188886 to 18886 oe the Churoh, 4,
219, 11. solomone, 258
818111818811886 with 888181888, 11. 382
888888186 888181888118816, 2, 66, 67, 11.
8082, 382
reid 168 ,18881188 881186 16818688181118 18
8881861888, 11. 19
881118 88111 1181 8. 2881 81888 686 18811,
118082 ·
8888818618188 1186111888, 66, 117

INDEX 01¹ WORDS.

rejeoted 1888, 11. 7, 8
8811811888, 11. 373 (888 Volent.)
immorel, 181 ιι. 1
8888888888 81 1811868181, 116, 371
881186 1618 world 11811, 11. 412
618886881811 168 Creator, 11. 146, &d
11811688-818181811 1118118, 362
818888 1688 1881688, 272
818,688881818186,611188116 difficolt ,118
188888 81 novelty, 188, 219
888811, condemno 16881, 11. 17
8111888 88811118, 11818868ᾶὶ88, 11. mot
11888188 quoted 88 8881811188, 11. 2138. 7
1188181118, 6888188186, 11. 260
1188186 81186, 326, 618 2886888, 296, 326
11168818, 93 8. 1
Hippolytus 88881188 1881, independently, 886

eon-orn„ {lt-¹104, 188-118, ἐι,
118-188. 18 :illm-1⁶8 ι. n
81888888688] 8118888188, 190-192
118 818688811811,117 ιι.1
Homer quoted, 126 8. 3, 268, 332
Honorio 11881 881881818 88888118, 289 8. 6
88818, 86
Hono, 11886886, 3668. 2, 11. 360, 384 83
1181888818ιὶ8 theory 81 6881888888, 290 8.2
11888, 81 more 8881881 knowledge, 8611181
688881188, 361
Home, ἀσύζνγοι, 6611188888, 18
rarione 1188188, 18, 24, 29, 30, 279, 11. Β
888881 18 8881811118, 20
8 power 8188188, 279 ιι. 3 -
8 688118818 power, 100
6811618 1111181188, 29, 11. 276
confirmative, 16, 16, 29, 100
88888118,178.4,298.1,31,100,11131,
818188811818,1711.4
from Monogenee, or 188111 28888188, 279
1881686 by 018181 6881183168 smne
women, 28
between Bython end 21888188, end be·
tween Pleroma eod Aehnmotlr, 100
1188811118, 11. 176 n. 1 -
lloeee'e marriage symbolloel, 11. 223
[18888 81 unequol length 111 88818111 118818,
167 ιι. 1, 81 68], 81188881 11818688, 341
11881881188181118118 orlgtmted 6816886818,
2128. 2
1111181111, 81111 18111 168 0181811881 81111868,
11. 386
llydroporentotre, ii. 130 ιι. 2
Hyginus, nlnth ln Romen 8888888188, 214,
818111, 11. 11
1118688 when Velentinne 88818 18 Rome,
ii. 17

 

